3.441930618E+14
3.398625037E+14
3.363195689E+14
3.339554303E+14
3.329741885E+14
3.334669912E+14
3.352694103E+14
3.378821602E+14
3.409137165E+14
3.438881920E+14
3.464672640E+14
3.484890655E+14
3.497212403E+14
3.502415410E+14
3.501700128E+14
3.495068762E+14
3.482523514E+14
3.464770264E+14
3.443764643E+14
3.420124810E+14
3.392549088E+14
3.362304620E+14
3.330222148E+14
3.294627035E+14
3.259851010E+14
3.224238055E+14
3.192236365E+14
3.167592280E+14
3.149878899E+14
3.141030216E+14
3.138562476E+14
3.143055707E+14
3.151045117E+14
3.160158615E+14
3.166899258E+14
3.168547474E+14
3.159625009E+14
3.136938005E+14
3.099493963E+14
3.042712304E+14
2.967954003E+14
2.874676098E+14
2.769890757E+14
2.655549908E+14
2.534058242E+14
2.410632056E+14
2.285655429E+14
2.162325929E+14
2.037110074E+14
1.910620214E+14
1.783769131E+14
1.656619230E+14
1.530372379E+14
1.406939130E+14
1.287336889E+14
1.174286829E+14
1.070503973E+14
9.781343767E+13
9.000257472E+13
8.397812447E+13
8.008926416E+13
7.862725624E+13
7.984451662E+13
8.382262754E+13
9.035762966E+13
9.895695115E+13
1.089680608E+14
1.196756894E+14
1.304331918E+14
1.408315852E+14
1.507474408E+14
1.602760243E+14
1.697413811E+14
1.795099076E+14
1.898823711E+14
2.010154654E+14
2.130778374E+14
2.254563365E+14
2.377028753E+14
2.491087445E+14
2.588988000E+14
2.669260920E+14
2.727257325E+14
2.766376707E+14
2.787889763E+14
2.799297097E+14
2.805845063E+14
2.809945916E+14
2.814983088E+14
2.820544693E+14
2.827515318E+14
2.833651844E+14
2.837833540E+14
2.838703566E+14
2.837007802E+14
2.833359906E+14
2.826455923E+14
2.816936696E+14
2.801659670E+14
2.779832276E+14
2.749688065E+14
2.712229604E+14
2.668928193E+14
2.619786036E+14
2.564805336E+14
2.505134564E+14
2.441579142E+14
2.373029429E+14
2.301929616E+14
2.230847586E+14
2.164016977E+14
2.106038142E+14
2.057815338E+14
2.020350639E+14
1.990827028E+14
1.962877585E+14
1.930621402E+14
1.887972874E+14
1.830524735E+14
1.756469444E+14
1.666205908E+14
1.561715964E+14
1.446020779E+14
1.323286491E+14
1.197929204E+14
1.074203122E+14
9.570819556E+13
8.518428323E+13
7.631338552E+13
6.943444018E+13
6.486712264E+13
6.280136245E+13
6.320349196E+13
6.596890839E+13
7.088501767E+13
7.767588699E+13
8.599544771E+13
9.547573357E+13
1.058232324E+14
1.168259389E+14
1.282826254E+14
1.400457791E+14
1.520283649E+14
1.640812068E+14
1.759542717E+14
1.873753292E+14
1.980027659E+14
2.075059579E+14
2.155787688E+14
2.220227629E+14
2.265980149E+14
2.295868877E+14
2.309277501E+14
2.311975069E+14
2.310017690E+14
2.310543721E+14
2.317392636E+14
2.334164086E+14
2.362774030E+14
2.404731090E+14
2.457925125E+14
2.518513880E+14
2.582657040E+14
2.646650064E+14
2.708341723E+14
2.762375548E+14
2.810508488E+14
2.851018900E+14
2.887602530E+14
2.918403693E+14
2.945316110E+14
2.966406063E+14
2.981651817E+14
2.991093494E+14
2.992822112E+14
2.986818658E+14
2.973086072E+14
2.951627290E+14
2.920604148E+14
2.881752839E+14
2.833378555E+14
2.775359362E+14
2.713012198E+14
2.643311707E+14
2.569378293E+14
2.496758542E+14
2.427788461E+14
2.369430365E+14
2.327663803E+14
2.303272874E+14
2.301144781E+14
2.317323325E+14
2.347663473E+14
2.385179546E+14
2.426909252E+14
2.466308157E+14
2.501841492E+14
2.533510726E+14
2.556842129E+14
2.573481098E+14
2.584335464E+14
2.590846909E+14
2.594926135E+14
2.595673546E+14
2.595343640E+14
2.592274000E+14
2.586706941E+14
2.576545988E+14
2.561930821E+14
2.547371144E+14
2.532173501E+14
2.517586733E+14
2.501182776E+14
2.479704893E+14
2.448821892E+14
2.404015828E+14
2.343838311E+14
2.269456669E+14
2.185069728E+14
2.095269310E+14
2.007195200E+14
1.929713665E+14
1.869264490E+14
1.829733967E+14
1.811871671E+14
1.813504380E+14
1.830171699E+14
1.855565977E+14
1.883707874E+14
1.910413262E+14
1.932448853E+14
1.947042561E+14
1.952726748E+14
1.950615006E+14
1.942104544E+14
1.928922539E+14
1.915382871E+14
1.904824452E+14
1.899796373E+14
1.902253720E+14
1.912303407E+14
1.929549293E+14
1.954748356E+14
1.988158750E+14
2.027956979E+14
2.072254076E+14
2.118323960E+14
2.156706691E+14
2.181085579E+14
2.184484174E+14
2.161809876E+14
2.112724597E+14
2.044268960E+14
1.963976412E+14
1.883674983E+14
1.814312024E+14
1.765615624E+14
1.743317365E+14
1.749440770E+14
1.781920158E+14
1.835083208E+14
1.901061172E+14
1.971716044E+14
2.041710523E+14
2.105602479E+14
2.161834590E+14
2.210092818E+14
2.249386494E+14
2.282374214E+14
2.305272812E+14
2.314798064E+14
2.310260930E+14
2.286419203E+14
2.241585676E+14
2.175948529E+14
2.091733124E+14
1.994678273E+14
1.891539930E+14
1.793385634E+14
1.709788065E+14
1.648918452E+14
1.615572735E+14
1.611151975E+14
1.632758041E+14
1.673765111E+14
1.726817305E+14
1.784835095E+14
1.842668021E+14
1.897662752E+14
1.948667867E+14
1.998428854E+14
2.044474087E+14
2.086698931E+14
2.123310660E+14
2.152424707E+14
2.170397787E+14
2.180431471E+14
2.184575622E+14
2.183010312E+14
2.182500645E+14
2.187240313E+14
2.199341080E+14
2.217406790E+14
2.241172428E+14
2.265821925E+14
2.287290172E+14
2.300240550E+14
2.303684662E+14
2.296090360E+14
2.277097449E+14
2.246710335E+14
2.204933425E+14
2.150304041E+14
2.082394948E+14
2.002644031E+14
1.911380372E+14
1.811496816E+14
1.707775878E+14
1.605843144E+14
1.512201471E+14
1.432686299E+14
1.371169458E+14
1.329414770E+14
1.306752610E+14
1.299906206E+14
1.303988671E+14
1.313489257E+14
1.323253679E+14
1.328994212E+14
1.328061433E+14
1.320317906E+14
1.307960854E+14
1.294220973E+14
1.283474523E+14
1.279479950E+14
1.284298557E+14
1.297949545E+14
1.318472444E+14
1.342522700E+14
1.365556761E+14
1.382906147E+14
1.391521925E+14
1.390390829E+14
1.380359605E+14
1.364777878E+14
1.349243289E+14
1.339684969E+14
1.341187362E+14
1.357578614E+14
1.390411097E+14
1.438043215E+14
1.495682637E+14
1.556910621E+14
1.614831755E+14
1.663007710E+14
1.697405643E+14
1.717518921E+14
1.726225104E+14
1.728939093E+14
1.732157417E+14
1.741642853E+14
1.760500947E+14
1.788873835E+14
1.823065473E+14
1.857090405E+14
1.885191471E+14
1.903119897E+14
1.910280448E+14
1.910522790E+14
1.911395754E+14
1.921488734E+14
1.948876881E+14
1.999593854E+14
2.072055424E+14
2.162107808E+14
2.263355386E+14
2.366459612E+14
2.462086790E+14
2.541594249E+14
2.600042348E+14
2.635882752E+14
2.649124271E+14
2.641153606E+14
2.620787290E+14
2.593866693E+14
2.567852980E+14
2.549579017E+14
2.541288532E+14
2.547871614E+14
2.566985955E+14
2.591313680E+14
2.615263163E+14
2.633031464E+14
2.635488026E+14
2.617271844E+14
2.578334340E+14
2.516941180E+14
2.436847672E+14
2.343651870E+14
2.244814476E+14
2.146002768E+14
2.052817783E+14
1.972688891E+14
1.909019637E+14
1.865514850E+14
1.843007987E+14
1.840452763E+14
1.855313874E+14
1.883933076E+14
1.920856444E+14
1.963589953E+14
2.008543800E+14
2.052000909E+14
2.091909063E+14
2.131349842E+14
2.165893363E+14
2.194806121E+14
2.214900271E+14
2.225622102E+14
2.226975285E+14
2.220507643E+14
2.211132566E+14
2.201397703E+14
2.197638582E+14
2.204320854E+14
2.226609768E+14
2.267178265E+14
2.326448029E+14
2.400185667E+14
2.486998872E+14
2.581383065E+14
2.677279253E+14
2.767786032E+14
2.848141801E+14
2.912030478E+14
2.957209952E+14
2.983687568E+14
2.992727285E+14
2.986187747E+14
2.969595241E+14
2.945534926E+14
2.916388031E+14
2.884685915E+14
2.851124731E+14
2.816843800E+14
2.785936990E+14
2.758428015E+14
2.736056665E+14
2.719012833E+14
2.706759411E+14
2.696993038E+14
2.686208362E+14
2.671553430E+14
2.651307759E+14
2.623532861E+14
2.587397004E+14
2.543814159E+14
2.492787265E+14
2.436125602E+14
2.377524794E+14
2.320678522E+14
2.268425688E+14
2.223446528E+14
2.187791027E+14
2.161455514E+14
2.142078957E+14
2.127199753E+14
2.117156312E+14
2.110837757E+14
2.108242620E+14
2.109369431E+14
2.114216722E+14
2.122114409E+14
2.130566091E+14
2.136520607E+14
2.138754590E+14
2.136667752E+14
2.129004523E+14
2.114630396E+14
2.092070968E+14
2.065012682E+14
2.037658323E+14
2.015531365E+14
2.006092064E+14
2.019878588E+14
2.060110956E+14
2.127749021E+14
2.219269004E+14
2.325061538E+14
2.432544643E+14
2.525535686E+14
2.595278004E+14
2.629081391E+14
2.623919945E+14
2.580714368E+14
2.504708483E+14
2.400396271E+14
2.276472549E+14
2.139162669E+14
1.998378643E+14
1.856583246E+14
1.722590308E+14
1.603524415E+14
1.506081575E+14
1.435754157E+14
1.395413584E+14
1.384282026E+14
1.397883592E+14
1.430506678E+14
1.476147794E+14
1.530813431E+14
1.592878928E+14
1.663441009E+14
1.743301900E+14
1.831851074E+14
1.927417461E+14
2.022344294E+14
2.111819157E+14
2.186793701E+14
2.238112965E+14
2.260131695E+14
2.249102224E+14
2.199655942E+14
2.118229716E+14
2.005418330E+14
1.873916155E+14
1.734007759E+14
1.596397181E+14
1.473336900E+14
1.374700423E+14
1.307296772E+14
1.275163382E+14
1.280082292E+14
1.320585474E+14
1.392825595E+14
1.490933388E+14
1.607495456E+14
1.733653308E+14
1.859539741E+14
1.978404639E+14
2.081142708E+14
2.164019152E+14
2.226600024E+14
2.268893402E+14
2.294961534E+14
2.310288384E+14
2.319036923E+14
2.324860470E+14
2.328840812E+14
2.329710524E+14
2.325646227E+14
2.311120822E+14
2.278841940E+14
2.225126044E+14
2.148158043E+14
2.049629087E+14
1.936649571E+14
1.821859054E+14
1.718344058E+14
1.637797574E+14
1.590604837E+14
1.583416108E+14
1.618349471E+14
1.692956026E+14
1.801545824E+14
1.935644894E+14
2.085623357E+14
2.240057572E+14
2.387849498E+14
2.520838041E+14
2.631750028E+14
2.717832360E+14
2.777367435E+14
2.810129753E+14
2.817318212E+14
2.799491515E+14
2.758011625E+14
2.694076364E+14
2.612603324E+14
2.516959249E+14
2.413356415E+14
2.307590289E+14
2.204017037E+14
2.106675469E+14
2.019445270E+14
1.945554204E+14
1.884184427E+14
1.838548152E+14
1.809904589E+14
1.799275759E+14
1.807571012E+14
1.835021561E+14
1.881926920E+14
1.946407042E+14
2.023682054E+14
2.112731696E+14
2.208450928E+14
2.303669772E+14
2.394742333E+14
2.474815892E+14
2.543043967E+14
2.595397773E+14
2.628410809E+14
2.644585679E+14
2.642837285E+14
2.625670982E+14
2.597871970E+14
2.561565984E+14
2.520671832E+14
2.480344374E+14
2.444203514E+14
2.415867219E+14
2.398493883E+14
2.392079102E+14
2.396422364E+14
2.409530735E+14
2.427620059E+14
2.445116160E+14
2.455178984E+14
2.455660428E+14
2.439628026E+14
2.405362785E+14
2.352937487E+14
2.284362854E+14
2.208613111E+14
2.131143450E+14
2.060985279E+14
2.005552468E+14
1.970178684E+14
1.953047885E+14
1.957714904E+14
1.977145270E+14
2.011138443E+14
2.049251176E+14
2.087548541E+14
2.117302847E+14
2.136258877E+14
2.140943941E+14
2.132728349E+14
2.113420336E+14
2.088075271E+14
2.060495657E+14
2.037469178E+14
2.021478395E+14
2.017438568E+14
2.026124568E+14
2.049056466E+14
2.083503329E+14
2.127351110E+14
2.177319551E+14
2.229805451E+14
2.281207552E+14
2.327926535E+14
2.367775125E+14
2.398956703E+14
2.419675625E+14
2.429498047E+14
2.428428376E+14
2.416471017E+14
2.393630378E+14
2.363796474E+14
2.329807601E+14
2.294725307E+14
2.263390481E+14
2.237503569E+14
2.221915427E+14
2.219020240E+14
2.226451826E+14
2.240614014E+14
2.257912574E+14
2.274755217E+14
2.288666676E+14
2.300050586E+14
2.308537967E+14
2.316599664E+14
2.325419866E+14
2.337337756E+14
2.354682328E+14
2.377451379E+14
2.403673866E+14
2.432666540E+14
2.461462124E+14
2.486632280E+14
2.505420897E+14
2.515162920E+14
2.516748628E+14
2.511102640E+14
2.499081930E+14
2.482480231E+14
2.463090304E+14
2.441898724E+14
2.419695177E+14
2.398270247E+14
2.377900682E+14
2.356796369E+14
2.333892101E+14
2.307065539E+14
2.273717214E+14
2.232937630E+14
2.181341356E+14
2.120218323E+14
2.051268767E+14
1.975759753E+14
1.899655748E+14
1.827687326E+14
1.765428123E+14
1.715345623E+14
1.680121325E+14
1.660767722E+14
1.656930501E+14
1.667016758E+14
1.688521031E+14
1.718849541E+14
1.755229010E+14
1.795491050E+14
1.838803260E+14
1.884780647E+14
1.932483480E+14
1.983070293E+14
2.033643275E+14
2.082925755E+14
2.124694815E+14
2.156883717E+14
2.176201847E+14
2.181126709E+14
2.171664176E+14
2.148042556E+14
2.112049312E+14
2.065851379E+14
2.014448270E+14
1.959781097E+14
1.905128744E+14
1.850566720E+14
1.797064337E+14
1.744162128E+14
1.692749722E+14
1.643820907E+14
1.601311774E+14
1.570017147E+14
1.554382040E+14
1.559239783E+14
1.588861660E+14
1.645204054E+14
1.727194160E+14
1.830940788E+14
1.946077447E+14
2.063323147E+14
2.168649448E+14
2.251236051E+14
2.305466699E+14
2.327685939E+14
2.322580118E+14
2.293858534E+14
2.246694110E+14
2.189612320E+14
2.126751591E+14
2.061663585E+14
1.996350455E+14
1.931055108E+14
1.864262409E+14
1.793449844E+14
1.718924354E+14
1.642600623E+14
1.568927432E+14
1.505018448E+14
1.459058423E+14
1.437827503E+14
1.445062085E+14
1.480475906E+14
1.539163677E+14
1.611617282E+14
1.687072938E+14
1.755119167E+14
1.807938261E+14
1.840922733E+14
1.853881202E+14
1.849672916E+14
1.833068018E+14
1.805635183E+14
1.770896306E+14
1.731221862E+14
1.687846019E+14
1.642527984E+14
1.597664363E+14
1.556462324E+14
1.523222113E+14
1.502064977E+14
1.495846623E+14
1.505183030E+14
1.527888718E+14
1.559485974E+14
1.594572820E+14
1.628459449E+14
1.659018073E+14
1.687050873E+14
1.715621695E+14
1.748697856E+14
1.789438107E+14
1.839689248E+14
1.898594143E+14
1.963748288E+14
2.030033393E+14
2.092741393E+14
2.149455929E+14
2.195680394E+14
2.229441416E+14
2.250744134E+14
2.260335581E+14
2.259256731E+14
2.248931772E+14
2.231499815E+14
2.207641708E+14
2.179121164E+14
2.147054987E+14
2.112074612E+14
2.075941578E+14
2.040416455E+14
2.007258841E+14
1.977661251E+14
1.950521907E+14
1.922855765E+14
1.891349387E+14
1.850476799E+14
1.798629407E+14
1.734298784E+14
1.656795666E+14
1.570036229E+14
1.478404528E+14
1.387553220E+14
1.303455183E+14
1.230475743E+14
1.171309024E+14
1.127426950E+14
1.099287700E+14
1.084653337E+14
1.080591305E+14
1.083530829E+14
1.089634395E+14
1.095463580E+14
1.099413338E+14
1.102356546E+14
1.107866602E+14
1.121323830E+14
1.147617978E+14
1.191172145E+14
1.252836687E+14
1.328941084E+14
1.413590636E+14
1.499237850E+14
1.578232003E+14
1.644361644E+14
1.694183445E+14
1.726491294E+14
1.740952574E+14
1.738928908E+14
1.722336370E+14
1.692850342E+14
1.653098117E+14
1.605708817E+14
1.553138844E+14
1.498857492E+14
1.446531878E+14
1.400333308E+14
1.363137248E+14
1.337900718E+14
1.325650838E+14
1.325495585E+14
1.334955203E+14
1.350777055E+14
1.370104526E+14
1.390755614E+14
1.412458418E+14
1.437920866E+14
1.470731264E+14
1.515584084E+14
1.575760031E+14
1.650185845E+14
1.734371008E+14
1.820292082E+14
1.897134851E+14
1.956317526E+14
1.992039696E+14
2.003114463E+14
1.994869144E+14
1.974286165E+14
1.948344068E+14
1.922735998E+14
1.902690406E+14
1.889683700E+14
1.881245313E+14
1.876324913E+14
1.872516962E+14
1.868709999E+14
1.862563480E+14
1.854059246E+14
1.844939206E+14
1.839189620E+14
1.839816791E+14
1.848558246E+14
1.869300725E+14
1.899843637E+14
1.937398609E+14
1.977852468E+14
2.015259797E+14
2.046397433E+14
2.068549437E+14
2.081135791E+14
2.086846934E+14
2.087296055E+14
2.085235769E+14
2.083175977E+14
2.082887077E+14
2.085233713E+14
2.088478224E+14
2.091721748E+14
2.092498157E+14
2.088019796E+14
2.079079357E+14
2.065864613E+14
2.049678081E+14
2.034239189E+14
2.022009679E+14
2.015745261E+14
2.015785686E+14
2.021074618E+14
2.030945397E+14
2.043013975E+14
2.053180120E+14
2.058097680E+14
2.057768857E+14
2.052195855E+14
2.041950993E+14
2.029876993E+14
2.019014921E+14
2.008155814E+14
1.996792361E+14
1.983685420E+14
1.968359793E+14
1.950006424E+14
1.930801407E+14
1.913347315E+14
1.898883102E+14
1.891005810E+14
1.887983391E+14
1.886619770E+14
1.879672684E+14
1.864076131E+14
1.832788763E+14
1.785817192E+14
1.723945726E+14
1.652063034E+14
1.576424444E+14
1.504409816E+14
1.442962392E+14
1.397784962E+14
1.371937012E+14
1.366630444E+14
1.381439327E+14
1.413446629E+14
1.458251424E+14
1.512547249E+14
1.572707785E+14
1.635236542E+14
1.699111785E+14
1.763605425E+14
1.826843956E+14
1.887913307E+14
1.942001993E+14
1.987340703E+14
2.016953547E+14
2.027453327E+14
2.015403146E+14
1.980765113E+14
1.928597035E+14
1.864071593E+14
1.797312192E+14
1.735212970E+14
1.684322006E+14
1.649730017E+14
1.632925698E+14
1.632747091E+14
1.646721436E+14
1.671184359E+14
1.702500879E+14
1.737208449E+14
1.772464960E+14
1.808771710E+14
1.842333745E+14
1.873865112E+14
1.902222980E+14
1.925690813E+14
1.946751549E+14
1.963305762E+14
1.977393527E+14
1.992449695E+14
2.009233680E+14
2.029065819E+14
2.051050199E+14
2.072180240E+14
2.090298987E+14
2.103692265E+14
2.109404123E+14
2.106462089E+14
2.093658384E+14
2.071674336E+14
2.038687562E+14
1.995932907E+14
1.943395293E+14
1.882765228E+14
1.815237356E+14
1.745663632E+14
1.678865067E+14
1.619379310E+14
1.571667189E+14
1.538829723E+14
1.521175429E+14
1.515684556E+14
1.517279335E+14
1.520407913E+14
1.519883464E+14
1.512544463E+14
1.498916808E+14
1.482312333E+14
1.467645487E+14
1.460468822E+14
1.465467677E+14
1.485032866E+14
1.518756762E+14
1.563774279E+14
1.614851761E+14
1.665100250E+14
1.707253516E+14
1.735206178E+14
1.745597221E+14
1.738646242E+14
1.718204605E+14
1.690677551E+14
1.663508373E+14
1.643100491E+14
1.633421746E+14
1.635584387E+14
1.648001947E+14
1.667507508E+14
1.689776584E+14
1.710375583E+14
1.724929260E+14
1.729613706E+14
1.721905394E+14
1.700464137E+14
1.665430113E+14
1.619137754E+14
1.565695175E+14
1.510108209E+14
1.458463631E+14
1.416801837E+14
1.390850941E+14
1.383974680E+14
1.397248710E+14
1.429689072E+14
1.478086622E+14
1.537168436E+14
1.601351397E+14
1.666574350E+14
1.728244788E+14
1.782783571E+14
1.827749169E+14
1.861944135E+14
1.882413053E+14
1.889161796E+14
1.882384701E+14
1.864132245E+14
1.839346257E+14
1.811567914E+14
1.785637568E+14
1.763140183E+14
1.744276750E+14
1.732220244E+14
1.722452234E+14
1.712042252E+14
1.696608340E+14
1.673113657E+14
1.639705311E+14
1.597870405E+14
1.552102626E+14
1.509212360E+14
1.475640874E+14
1.455821380E+14
1.452996175E+14
1.467429322E+14
1.496525496E+14
1.537086685E+14
1.586049645E+14
1.638472637E+14
1.690055465E+14
1.736721316E+14
1.776856803E+14
1.805630117E+14
1.823942774E+14
1.830526014E+14
1.829561405E+14
1.823222724E+14
1.816075329E+14
1.811771088E+14
1.812284567E+14
1.816524553E+14
1.824173696E+14
1.828436607E+14
1.826240672E+14
1.813243611E+14
1.787008016E+14
1.747147881E+14
1.696232333E+14
1.638022557E+14
1.576404180E+14
1.514148755E+14
1.452643150E+14
1.393019888E+14
1.335151013E+14
1.279300077E+14
1.226488368E+14
1.178923731E+14
1.139865476E+14
1.113628807E+14
1.104269759E+14
1.114623630E+14
1.145655062E+14
1.195947401E+14
1.262201920E+14
1.339313480E+14
1.421784755E+14
1.504096472E+14
1.581011268E+14
1.648895918E+14
1.705344258E+14
1.749843996E+14
1.780777108E+14
1.800012417E+14
1.808990814E+14
1.809553979E+14
1.805877766E+14
1.802154296E+14
1.803466601E+14
1.813980186E+14
1.834781303E+14
1.864054726E+14
1.897997512E+14
1.928952082E+14
1.950200586E+14
1.957171229E+14
1.948889698E+14
1.926729701E+14
1.894723187E+14
1.857910144E+14
1.821327647E+14
1.788764692E+14
1.761897384E+14
1.741216601E+14
1.725330757E+14
1.713960906E+14
1.707615640E+14
1.706709513E+14
1.712968160E+14
1.728532751E+14
1.754111327E+14
1.785975072E+14
1.821535244E+14
1.854884486E+14
1.879348824E+14
1.892028142E+14
1.888202726E+14
1.869174526E+14
1.835314419E+14
1.789000798E+14
1.735059140E+14
1.677412886E+14
1.619789508E+14
1.566786143E+14
1.522472694E+14
1.490357143E+14
1.473702288E+14
1.474066734E+14
1.490935268E+14
1.521281491E+14
1.560535574E+14
1.602294285E+14
1.639859692E+14
1.668261698E+14
1.684991153E+14
1.689745174E+14
1.685116291E+14
1.675145865E+14
1.664484939E+14
1.657110950E+14
1.655984585E+14
1.661923877E+14
1.674424433E+14
1.692179695E+14
1.714140818E+14
1.739300137E+14
1.766159792E+14
1.794693525E+14
1.828147204E+14
1.861811422E+14
1.898651277E+14
1.932532330E+14
1.964604179E+14
1.990345172E+14
2.007825836E+14
2.013868316E+14
2.008150590E+14
1.990677801E+14
1.961455089E+14
1.921943127E+14
1.876690806E+14
1.824990890E+14
1.769412525E+14
1.712725644E+14
1.655384103E+14
1.600253113E+14
1.550957484E+14
1.511151232E+14
1.484881839E+14
1.474733184E+14
1.481698497E+14
1.504525048E+14
1.539869407E+14
1.582539609E+14
1.626887158E+14
1.667751839E+14
1.701951441E+14
1.726762981E+14
1.742637173E+14
1.752439686E+14
1.757217586E+14
1.759216246E+14
1.759540845E+14
1.757100787E+14
1.750239335E+14
1.738361817E+14
1.718332488E+14
1.691265426E+14
1.658413762E+14
1.620987481E+14
1.581146199E+14
1.541683350E+14
1.505503149E+14
1.475557972E+14
1.455803804E+14
1.450341361E+14
1.461986332E+14
1.491748903E+14
1.537970091E+14
1.595209203E+14
1.655266685E+14
1.709046661E+14
1.746889420E+14
1.761717661E+14
1.751521246E+14
1.716463129E+14
1.660235797E+14
1.590541755E+14
1.515058193E+14
1.440921871E+14
1.373929214E+14
1.318125040E+14
1.275195621E+14
1.245566601E+14
1.228937622E+14
1.224165505E+14
1.230538866E+14
1.247557806E+14
1.274835663E+14
1.312093009E+14
1.358456320E+14
1.411960694E+14
1.469561101E+14
1.526809419E+14
1.578006762E+14
1.617130972E+14
1.638192948E+14
1.636272745E+14
1.608382125E+14
1.555128478E+14
1.480296593E+14
1.391169683E+14
1.298494544E+14
1.214947440E+14
1.152806233E+14
1.122104877E+14
1.129121798E+14
1.174830585E+14
1.254552463E+14
1.358660442E+14
1.475162420E+14
1.591317380E+14
1.695456886E+14
1.780020377E+14
1.842351678E+14
1.880119115E+14
1.896913975E+14
1.898918846E+14
1.888017932E+14
1.868732378E+14
1.839687808E+14
1.804098819E+14
1.763609771E+14
1.719877096E+14
1.675084227E+14
1.634148275E+14
1.601339905E+14
1.581725425E+14
1.578828033E+14
1.593297922E+14
1.623185158E+14
1.664102663E+14
1.709548342E+14
1.754385857E+14
1.789783192E+14
1.813702820E+14
1.824511778E+14
1.822096709E+14
1.807967122E+14
1.786742825E+14
1.760390945E+14
1.733467918E+14
1.707996465E+14
1.685612302E+14
1.667808803E+14
1.652839110E+14
1.638827214E+14
1.623015595E+14
1.603409491E+14
1.579149434E+14
1.551172377E+14
1.521965622E+14
1.495731293E+14
1.476915167E+14
1.469292807E+14
1.475328464E+14
1.495287695E+14
1.527130498E+14
1.566432444E+14
1.607653683E+14
1.645080534E+14
1.674510456E+14
1.691784709E+14
1.696910692E+14
1.691628316E+14
1.679773725E+14
1.665373901E+14
1.652445354E+14
1.644909507E+14
1.645368246E+14
1.654132349E+14
1.669737455E+14
1.687734872E+14
1.702782864E+14
1.711929206E+14
1.711644643E+14
1.700795578E+14
1.680000663E+14
1.653002321E+14
1.625300855E+14
1.601904773E+14
1.587654268E+14
1.585588136E+14
1.596736520E+14
1.619619575E+14
1.650820932E+14
1.685887404E+14
1.721008110E+14
1.751705930E+14
1.774195191E+14
1.787020413E+14
1.789080912E+14
1.781305940E+14
1.765070463E+14
1.742285198E+14
1.714920395E+14
1.688489635E+14
1.667544066E+14
1.654336950E+14
1.651420347E+14
1.658902418E+14
1.674678402E+14
1.695901664E+14
1.719338255E+14
1.738972176E+14
1.751658343E+14
1.753384506E+14
1.744339155E+14
1.723143515E+14
1.693043737E+14
1.657501537E+14
1.621157483E+14
1.589801103E+14
1.567484145E+14
1.557275439E+14
1.560373394E+14
1.576714074E+14
1.604702025E+14
1.641974251E+14
1.685462277E+14
1.733545622E+14
1.784057275E+14
1.833181030E+14
1.881556501E+14
1.925023486E+14
1.963153703E+14
1.992917731E+14
2.012703352E+14
2.021070725E+14
2.018338595E+14
2.007742466E+14
1.992515899E+14
1.976116554E+14
1.964510892E+14
1.956166324E+14
1.951081383E+14
1.949145195E+14
1.947169367E+14
1.943566177E+14
1.938336358E+14
1.931477100E+14
1.921343536E+14
1.906335808E+14
1.889669685E+14
1.868194555E+14
1.841847340E+14
1.809066033E+14
1.769791851E+14
1.722493068E+14
1.670122370E+14
1.612892576E+14
1.557959727E+14
1.510394245E+14
1.475898354E+14
1.457801656E+14
1.456720812E+14
1.469853250E+14
1.492292811E+14
1.518472052E+14
1.543035018E+14
1.562577008E+14
1.575657277E+14
1.582747530E+14
1.585310926E+14
1.585476095E+14
1.584851462E+14
1.584502380E+14
1.585016025E+14
1.586253719E+14
1.588261631E+14
1.591684305E+14
1.596964898E+14
1.604778035E+14
1.615458234E+14
1.628473332E+14
1.643020101E+14
1.657622058E+14
1.669849985E+14
1.678837984E+14
1.682429547E+14
1.679549597E+14
1.671250804E+14
1.660173380E+14
1.649319275E+14
1.641169906E+14
1.638660614E+14
1.643394319E+14
1.656040572E+14
1.674932913E+14
1.696799821E+14
1.716601934E+14
1.729745830E+14
1.734812414E+14
1.730056201E+14
1.715722249E+14
1.695859325E+14
1.673605893E+14
1.653827369E+14
1.641148920E+14
1.637239743E+14
1.643400903E+14
1.657832752E+14
1.677704754E+14
1.700948326E+14
1.724367330E+14
1.744767570E+14
1.760327865E+14
1.771050418E+14
1.776937431E+14
1.778633124E+14
1.775852696E+14
1.768472111E+14
1.757688327E+14
1.741053755E+14
1.720165940E+14
1.694956170E+14
1.663859516E+14
1.627894041E+14
1.587311937E+14
1.543380051E+14
1.497934724E+14
1.453319583E+14
1.411764360E+14
1.375101928E+14
1.343871274E+14
1.317787528E+14
1.296290787E+14
1.279098785E+14
1.266234063E+14
1.258472294E+14
1.256982395E+14
1.262427241E+14
1.274745938E+14
1.292833545E+14
1.314741777E+14
1.337527334E+14
1.357952631E+14
1.373459587E+14
1.382481181E+14
1.384773624E+14
1.381708159E+14
1.375424162E+14
1.368473535E+14
1.362005618E+14
1.355924150E+14
1.349068670E+14
1.339715415E+14
1.326465603E+14
1.308448894E+14
1.286315133E+14
1.261043492E+14
1.234376213E+14
1.207886055E+14
1.182209581E+14
1.158467538E+14
1.136983178E+14
1.118699676E+14
1.104724070E+14
1.096163321E+14
1.093813849E+14
1.097390302E+14
1.105509071E+14
1.115839714E+14
1.124962869E+14
1.129692401E+14
1.127303995E+14
1.115979718E+14
1.096276618E+14
1.069840671E+14
1.040521021E+14
1.012430343E+14
9.900913739E+13
9.771332348E+13
9.758171451E+13
9.864607379E+13
1.007609367E+14
1.036608319E+14
1.070353018E+14
1.105427774E+14
1.139113696E+14
1.169881364E+14
1.196838439E+14
1.220535398E+14
1.242401363E+14
1.264133808E+14
1.287350904E+14
1.312354906E+14
1.337614241E+14
1.360174964E+14
1.376281141E+14
1.382324956E+14
1.376147345E+14
1.357893532E+14
1.329254997E+14
1.293119397E+14
1.252592351E+14
1.210465415E+14
1.168616118E+14
1.128461384E+14
1.091028615E+14
1.057103563E+14
1.027848660E+14
1.004956491E+14
9.900377871E+13
9.844146075E+13
9.890752213E+13
1.004452653E+14
1.030356408E+14
1.066141472E+14
1.111017354E+14
1.163624267E+14
1.221833116E+14
1.282891971E+14
1.343580684E+14
1.400147066E+14
1.449169762E+14
1.488358520E+14
1.516248184E+14
1.532618894E+14
1.538426575E+14
1.535178168E+14
1.524421269E+14
1.508077680E+14
1.488094454E+14
1.466409931E+14
1.445293668E+14
1.426392399E+14
1.410901925E+14
1.399137700E+14
1.389838233E+14
1.381171298E+14
1.370632523E+14
1.355703704E+14
1.334604894E+14
1.306480999E+14
1.272346881E+14
1.233948001E+14
1.193520319E+14
1.153245932E+14
1.114805685E+14
1.079801708E+14
1.050064644E+14
1.027996428E+14
1.016755072E+14
1.019486512E+14
1.038272866E+14
1.072527910E+14
1.119325308E+14
1.172917473E+14
1.226193889E+14
1.271951913E+14
1.304827326E+14
1.321399910E+14
1.321472581E+14
1.306896990E+14
1.281546714E+14
1.249047847E+14
1.213128523E+14
1.175765348E+14
1.138268178E+14
1.100782616E+14
1.063344667E+14
1.026577899E+14
9.911611622E+13
9.591198569E+13
9.324949781E+13
9.140903593E+13
9.068607797E+13
9.135377108E+13
9.361392671E+13
9.749141286E+13
1.028772602E+14
1.094163599E+14
1.166286434E+14
1.238808705E+14
1.305649620E+14
1.362517414E+14
1.406533755E+14
1.437802301E+14
1.458504369E+14
1.472254708E+14
1.481803073E+14
1.489236864E+14
1.494235924E+14
1.495362180E+14
1.490119969E+14
1.476272272E+14
1.452969312E+14
1.420639290E+14
1.381457597E+14
1.338294214E+14
1.294731389E+14
1.254118605E+14
1.218601006E+14
1.189549320E+14
1.166753317E+14
1.148755057E+14
1.133611110E+14
1.119421247E+14
1.104440029E+14
1.087190260E+14
1.066614939E+14
1.041896819E+14
1.012372669E+14
9.779648232E+13
9.392564414E+13
8.978644027E+13
8.562171389E+13
8.174573581E+13
7.847866519E+13
7.611973687E+13
7.488404858E+13
7.491223988E+13
7.626080105E+13
7.888829807E+13
8.267063145E+13
8.738898850E+13
9.273538924E+13
9.833429067E+13
1.038098617E+14
1.088324358E+14
1.131436551E+14
1.166184164E+14
1.192675726E+14
1.211851551E+14
1.225028340E+14
1.233521112E+14
1.238340131E+14
1.239888130E+14
1.237875884E+14
1.231402932E+14
1.219167711E+14
1.199922122E+14
1.172657336E+14
1.136912000E+14
1.093229919E+14
1.043510966E+14
9.911469309E+13
9.403508595E+13
8.961316203E+13
8.637617072E+13
8.478698227E+13
8.518067322E+13
8.770704329E+13
9.225677022E+13
9.845162515E+13
1.056362779E+14
1.130528536E+14
1.199475320E+14
1.257327793E+14
1.300411762E+14
1.327671903E+14
1.339933185E+14
1.338664175E+14
1.325750294E+14
1.303546259E+14
1.274158355E+14
1.240215282E+14
1.204911952E+14
1.171227533E+14
1.141682909E+14
1.118201025E+14
1.101619991E+14
1.092195075E+14
1.089131937E+14
1.091462277E+14
1.097851240E+14
1.106362381E+14
1.115498016E+14
1.124014540E+14
1.130594818E+14
1.134487638E+14
1.135145089E+14
1.132721911E+14
1.127442585E+14
1.120542305E+14
1.113392809E+14
1.107219072E+14
1.103223064E+14
1.101847610E+14
1.102768577E+14
1.104147552E+14
1.103505244E+14
1.098997027E+14
1.088793408E+14
1.072124983E+14
1.050486834E+14
1.026900239E+14
1.004422924E+14
9.865493429E+13
9.760674089E+13
9.741458137E+13
9.812816127E+13
9.966630997E+13
1.019370178E+14
1.047794252E+14
1.080389905E+14
1.115628929E+14
1.151583228E+14
1.186136783E+14
1.217939521E+14
1.245643124E+14
1.268261134E+14
1.285514288E+14
1.297753644E+14
1.305438876E+14
1.309764054E+14
1.312102192E+14
1.313586110E+14
1.315400796E+14
1.318413922E+14
1.322577965E+14
1.327017423E+14
1.329990355E+14
1.329407440E+14
1.323359617E+14
1.310674707E+14
1.291407262E+14
1.266122512E+14
1.235744750E+14
1.200517145E+14
1.159782100E+14
1.112229413E+14
1.056638850E+14
9.929246417E+13
9.230829514E+13
8.513281414E+13
7.834196745E+13
7.254904957E+13
6.825238171E+13
6.574269491E+13
6.502349180E+13
6.585371916E+13
6.782051781E+13
7.044618283E+13
7.326834758E+13
7.591269475E+13
7.813160251E+13
7.976718032E+13
8.070609185E+13
8.085762261E+13
8.021288440E+13
7.886913244E+13
7.705554357E+13
7.518932026E+13
7.378544192E+13
7.331165135E+13
7.405816609E+13
7.604498465E+13
7.903467884E+13
8.263612600E+13
8.645852925E+13
9.021507292E+13
9.379677870E+13
9.722781040E+13
1.005607259E+14
1.037538233E+14
1.066645829E+14
1.089856448E+14
1.103281949E+14
1.104533988E+14
1.093001218E+14
1.070557658E+14
1.041638978E+14
1.012076690E+14
9.870732801E+13
9.710540806E+13
9.661186105E+13
9.715951902E+13
9.848966306E+13
1.002228331E+14
1.019279815E+14
1.032355766E+14
1.039496280E+14
1.040265266E+14
1.035706448E+14
1.027557824E+14
1.017930658E+14
1.008865364E+14
1.001909628E+14
9.979865137E+13
9.979960395E+13
1.001803459E+14
1.009308821E+14
1.019547304E+14
1.031026350E+14
1.042342111E+14
1.051549882E+14
1.056836160E+14
1.056264169E+14
1.048203232E+14
1.031487119E+14
1.005868843E+14
9.728805237E+13
9.353963195E+13
8.979256803E+13
8.649005737E+13
8.408306578E+13
8.281120963E+13
8.282486774E+13
8.399335540E+13
8.609337185E+13
8.878358643E+13
9.168993145E+13
9.442304203E+13
9.656488250E+13
9.776540464E+13
9.768017337E+13
9.606049297E+13
9.289689215E+13
8.844577346E+13
8.321744746E+13
7.793502325E+13
7.336052261E+13
7.020621197E+13
6.889622552E+13
6.955307194E+13
7.201487074E+13
7.588709825E+13
8.066223725E+13
8.586411029E+13
9.112359933E+13
9.620214138E+13
1.009715465E+14
1.053272860E+14
1.091422711E+14
1.122375125E+14
1.143086458E+14
1.150887772E+14
1.143609994E+14
1.121295102E+14
1.086420792E+14
1.043786715E+14
9.998415006E+13
9.616551951E+13
9.350967984E+13
9.239125126E+13
9.289505925E+13
9.477105392E+13
9.741993382E+13
1.000919402E+14
1.020539034E+14
1.027523916E+14
1.020065701E+14
9.998289255E+13
9.714548427E+13
9.406541408E+13
9.125245561E+13
8.905226033E+13
8.755802132E+13
8.666052313E+13
8.614971887E+13
8.581779249E+13
8.557607767E+13
8.549082977E+13
8.578265549E+13
8.675667924E+13
8.867524510E+13
9.165176376E+13
9.554374311E+13
9.996163763E+13
1.043548688E+14
1.081266802E+14
1.107900935E+14
1.120792920E+14
1.119847152E+14
1.107484500E+14
1.087518627E+14
1.064626413E+14
1.043482804E+14
1.027417823E+14
1.017948918E+14
1.014580336E+14
1.014263415E+14
1.012360209E+14
1.004327612E+14
9.873297705E+13
9.607835739E+13
9.269433874E+13
8.900255425E+13
8.549478017E+13
8.251500226E+13
8.013165758E+13
7.816277154E+13
7.622768425E+13
7.383685648E+13
7.064531439E+13
6.653402362E+13
6.173673164E+13
5.676438058E+13
5.230009530E+13
4.902214115E+13
4.746525188E+13
4.781017584E+13
4.995521224E+13
5.351329285E+13
5.797607842E+13
6.280744510E+13
6.757266152E+13
7.193168532E+13
7.569743299E+13
7.874357449E+13
8.103073862E+13
8.259038472E+13
8.348385240E+13
8.381528650E+13
8.370148228E+13
8.320092760E+13
8.232833487E+13
8.106863319E+13
7.938954454E+13
7.726476127E+13
7.473863153E+13
7.200143197E+13
6.931708630E+13
6.705097749E+13
6.554280966E+13
6.500455589E+13
6.539152167E+13
6.642395856E+13
6.760252904E+13
6.833097786E+13
6.811311661E+13
6.666237540E+13
6.400275198E+13
6.047890681E+13
5.664042887E+13
5.312441246E+13
5.055245393E+13
4.939234881E+13
4.987535718E+13
5.193640872E+13
5.544516371E+13
6.018548718E+13
6.579249278E+13
7.171822351E+13
7.751303486E+13
8.238006802E+13
8.547707038E+13
8.627122192E+13
8.475040899E+13
8.139381352E+13
7.720950487E+13
7.347244369E+13
7.128345547E+13
7.130395363E+13
7.358947119E+13
7.767205978E+13
8.275765123E+13
8.792773710E+13
9.232163441E+13
9.526165217E+13
9.633491612E+13
9.537297676E+13
9.244323949E+13
8.786857484E+13
8.217103649E+13
7.590175264E+13
6.958765080E+13
6.367966715E+13
5.847319552E+13
5.411397084E+13
5.071330189E+13
4.843374958E+13
4.738736007E+13
4.760975033E+13
4.909214717E+13
5.173138912E+13
5.534462986E+13
5.977646340E+13
6.493816259E+13
7.072914667E+13
7.705111843E+13
8.376040022E+13
9.055749418E+13
9.704000539E+13
1.027313717E+14
1.071035541E+14
1.096854512E+14
1.102200177E+14
1.086758715E+14
1.052711624E+14
1.004468915E+14
9.472517151E+13
8.865926900E+13
8.274393105E+13
7.740145575E+13
7.296839279E+13
6.959885930E+13
6.724053251E+13
6.565056998E+13
6.450644031E+13
6.352504553E+13
6.251462397E+13
6.146766380E+13
6.036599940E+13
5.920319717E+13
5.794029540E+13
5.667589375E+13
5.568269995E+13
5.555652541E+13
5.693633712E+13
6.032368169E+13
6.579991772E+13
7.297071238E+13
8.084187484E+13
8.831010285E+13
9.433852652E+13
9.833565139E+13
1.001019160E+14
1.000984130E+14
9.898924401E+13
9.750510593E+13
9.613200661E+13
9.510352371E+13
9.431848225E+13
9.349310813E+13
9.244578770E+13
9.112726109E+13
8.968535915E+13
8.834970021E+13
8.726323710E+13
8.645417089E+13
8.585038270E+13
8.548180176E+13
8.546333150E+13
8.598261835E+13
8.709878882E+13
8.861456445E+13
8.996273825E+13
9.032908070E+13
8.901415278E+13
8.577486437E+13
8.088121599E+13
7.511833956E+13
6.956119835E+13
6.534639302E+13
6.330269393E+13
6.378670271E+13
6.663041246E+13
7.112427044E+13
7.625212672E+13
8.096062402E+13
8.450132740E+13
8.650763300E+13
8.716561381E+13
8.685843664E+13
8.597851336E+13
8.480013812E+13
8.342051029E+13
8.182988902E+13
8.003291177E+13
7.805506458E+13
7.596863142E+13
7.381717541E+13
7.167185865E+13
6.967129438E+13
6.808722997E+13
6.732767006E+13
6.786827649E+13
6.999880977E+13
7.368466340E+13
7.852999822E+13
8.383561894E+13
8.879203905E+13
9.277507048E+13
9.552390804E+13
9.711343998E+13
9.781973472E+13
9.791228711E+13
9.746604774E+13
9.633379928E+13
9.426954476E+13
9.111412790E+13
8.696812518E+13
8.221920135E+13
7.746361736E+13
7.332917301E+13
7.023689406E+13
6.832474035E+13
6.748952739E+13
6.747268923E+13
6.801519814E+13
6.896412778E+13
7.029440141E+13
7.203547736E+13
7.418841548E+13
7.669392863E+13
7.938095045E+13
8.198769676E+13
8.425204932E+13
8.595115510E+13
8.694541175E+13
8.724587059E+13
8.696824926E+13
8.631475877E+13
8.551952085E+13
8.479500294E+13
8.429338723E+13
8.413809120E+13
8.440053095E+13
8.512791481E+13
8.635934241E+13
8.808592500E+13
9.023281104E+13
9.257773448E+13
9.479094692E+13
9.650535895E+13
9.739027871E+13
9.725664787E+13
9.617721577E+13
9.443863150E+13
9.243558039E+13
9.057160591E+13
8.913410838E+13
8.827216009E+13
8.797229123E+13
8.816801123E+13
8.881158994E+13
8.983610351E+13
9.119652974E+13
9.283178116E+13
9.464702041E+13
9.648044009E+13
9.813446811E+13
9.942428655E+13
1.001705935E+14
1.002627610E+14
9.977983930E+13
9.890134963E+13
9.792343891E+13
9.709416729E+13
9.650540702E+13
9.606552813E+13
9.549009481E+13
9.448271612E+13
9.287420906E+13
9.070516046E+13
8.820600770E+13
8.569197771E+13
8.336221432E+13
8.123330441E+13
7.913911397E+13
7.692319631E+13
7.445686354E+13
7.180127177E+13
6.913411534E+13
6.670567322E+13
6.473160331E+13
6.328169255E+13
6.232257603E+13
6.176075468E+13
6.143410987E+13
6.123480750E+13
6.110061278E+13
6.102357530E+13
6.103979173E+13
6.116782799E+13
6.142177028E+13
6.176908309E+13
6.213273141E+13
6.237091861E+13
6.224938416E+13
6.148053956E+13
5.976800541E+13
5.688086312E+13
5.277980270E+13
4.767068828E+13
4.200061182E+13
3.635059119E+13
3.140938586E+13
2.774483993E+13
2.573461369E+13
2.553499532E+13
2.704511729E+13
2.991782115E+13
3.368212114E+13
3.781615747E+13
4.184850930E+13
4.540583963E+13
4.828433869E+13
5.047212491E+13
5.209536605E+13
5.335757085E+13
5.450949584E+13
5.575229958E+13
5.717541168E+13
5.877271142E+13
6.042276683E+13
6.188816752E+13
6.288768668E+13
6.313276350E+13
6.242470054E+13
6.075332498E+13
5.831777254E+13
5.549076702E+13
5.275632268E+13
5.057390266E+13
4.922963816E+13
4.880811315E+13
4.921700589E+13
5.021243438E+13
5.147556816E+13
5.273551354E+13
5.377132096E+13
5.443259056E+13
5.467462234E+13
5.451714097E+13
5.402588314E+13
5.331674718E+13
5.247776916E+13
5.157411964E+13
5.062796513E+13
4.957370603E+13
4.829933567E+13
4.669738878E+13
4.468736130E+13
4.225693082E+13
3.948272161E+13
3.649087456E+13
3.340361466E+13
3.032921755E+13
2.734414762E+13
2.445200107E+13
2.163804761E+13
1.892062608E+13
1.630288744E+13
1.385436542E+13
1.167172312E+13
9.881103477E+12
8.610818003E+12
7.979349146E+12
8.050205741E+12
8.830130177E+12
1.025153231E+13
1.220038976E+13
1.453522037E+13
1.713416452E+13
1.989556253E+13
2.273473855E+13
2.559327497E+13
2.838750695E+13
3.103068797E+13
3.340022072E+13
3.541422661E+13
3.701983585E+13
3.822051998E+13
3.910297838E+13
3.984782404E+13
4.060778362E+13
4.149393156E+13
4.252105858E+13
4.364639551E+13
4.475798114E+13
4.579983793E+13
4.677115904E+13
4.768555093E+13
4.851662101E+13
4.915672560E+13
4.945521569E+13
4.923329358E+13
4.846578437E+13
4.724151004E+13
4.584807126E+13
4.465380332E+13
4.397136965E+13
4.397067208E+13
4.464586678E+13
4.580030357E+13
4.715218284E+13
4.845722504E+13
4.954961309E+13
5.036915766E+13
5.089721283E+13
5.114262025E+13
5.109709108E+13
5.072487755E+13
5.002816441E+13
4.903174248E+13
4.783795530E+13
4.660307851E+13
4.549327788E+13
4.464382135E+13
4.415886898E+13
4.404503141E+13
4.423492015E+13
4.458685240E+13
4.490589121E+13
4.505113551E+13
4.492144393E+13
4.454967121E+13
4.402357049E+13
4.348010824E+13
4.300526467E+13
4.261421582E+13
4.223798224E+13
4.176608469E+13
4.112158045E+13
4.029053773E+13
3.932742021E+13
3.833106661E+13
3.742759083E+13
3.670847788E+13
3.617553414E+13
3.574987581E+13
3.529171873E+13
3.463566399E+13
3.365906738E+13
3.234224636E+13
3.076784437E+13
2.910035084E+13
2.751998643E+13
2.616521909E+13
2.511536488E+13
2.434174023E+13
2.374175651E+13
2.318730590E+13
2.255628852E+13
2.176621156E+13
2.077385539E+13
1.959307789E+13
1.826448746E+13
1.687063773E+13
1.548892199E+13
1.418156876E+13
1.300373878E+13
1.200625835E+13
1.120775425E+13
1.060591191E+13
1.018492223E+13
9.909520737E+12
9.731865494E+12
9.611577271E+12
9.520541200E+12
9.443269026E+12
9.375710243E+12
9.317859710E+12
9.267026221E+12
9.216443717E+12
9.176695263E+12
9.170770353E+12
9.220284583E+12
9.342196911E+12
9.530063904E+12
9.736176740E+12
9.903313608E+12
9.988269402E+12
9.986814722E+12
9.945650731E+12
9.953474302E+12
1.010251421E+13
1.045539714E+13
1.102713151E+13
1.178696831E+13
1.268684342E+13
1.367872518E+13
1.473001195E+13
1.582872915E+13
1.696915738E+13
1.816366326E+13
1.939754369E+13
2.062982372E+13
2.181903013E+13
2.289667268E+13
2.376737232E+13
2.438809416E+13
2.473300280E+13
2.484355451E+13
2.476077708E+13
2.456587872E+13
2.434069576E+13
2.412754891E+13
2.394125111E+13
2.380831211E+13
2.373038936E+13
2.374540828E+13
2.391921673E+13
2.429498912E+13
2.493800025E+13
2.586753931E+13
2.703692566E+13
2.843922630E+13
2.999187913E+13
3.162292221E+13
3.328739044E+13
3.492168160E+13
3.644658076E+13
3.779177036E+13
3.886736047E+13
3.958931612E+13
3.993023901E+13
3.993003028E+13
3.966423823E+13
3.922485325E+13
3.866583872E+13
3.800764970E+13
3.724383882E+13
3.640053621E+13
3.556739492E+13
3.488186529E+13
3.451206517E+13
3.460579084E+13
3.517755400E+13
3.614062439E+13
3.730504542E+13
3.837803067E+13
3.911376148E+13
3.930065438E+13
3.885060045E+13
3.782620935E+13
3.646053140E+13
3.508946478E+13
3.407277978E+13
3.368032466E+13
3.400533664E+13
3.493036635E+13
3.613299336E+13
3.717786761E+13
3.762756751E+13
3.715703371E+13
3.561546137E+13
3.308862092E+13
2.990888099E+13
2.656888224E+13
2.360242799E+13
2.146411659E+13
2.043725842E+13
2.056527221E+13
2.164365356E+13
2.329898264E+13
2.508960617E+13
2.654931399E+13
2.729267194E+13
2.712454093E+13
2.603149311E+13
2.418061516E+13
2.192108002E+13
1.966355845E+13
1.778440297E+13
1.649185889E+13
1.584680817E+13
1.575467747E+13
1.602715805E+13
1.647427928E+13
1.696969138E+13
1.740578849E+13
1.769443064E+13
1.778785846E+13
1.764441258E+13
1.730865570E+13
1.689168887E+13
1.655148285E+13
1.641999978E+13
1.656257204E+13
1.696344794E+13
1.750167866E+13
1.806438161E+13
1.858118558E+13
1.903736623E+13
1.947778695E+13
1.997168516E+13
2.059127460E+13
2.135943755E+13
2.227609325E+13
2.333103081E+13
2.445004989E+13
2.559909262E+13
2.669630748E+13
2.776850570E+13
2.884789277E+13
3.002624872E+13
3.136875986E+13
3.290972354E+13
3.458093590E+13
3.628725149E+13
3.789275963E+13
3.918450562E+13
4.000187406E+13
4.014431043E+13
3.948420210E+13
3.806926205E+13
3.606018121E+13
3.380283113E+13
3.165769398E+13
2.990731531E+13
2.863888049E+13
2.781754497E+13
2.728946311E+13
2.689435753E+13
2.653393242E+13
2.616380265E+13
2.573183816E+13
2.517273371E+13
2.441990377E+13
2.339505089E+13
2.213474715E+13
2.080757307E+13
1.965703054E+13
1.900370865E+13
1.911335370E+13
2.009516770E+13
2.187587895E+13
2.414370917E+13
2.652844905E+13
2.863643632E+13
3.021459660E+13
3.126661500E+13
3.197116469E+13
3.261150602E+13
3.343381937E+13
3.450701209E+13
3.570863365E+13
3.680852514E+13
3.757325983E+13
3.787046947E+13
3.772705909E+13
3.729554493E+13
3.675294737E+13
3.624533660E+13
3.586180384E+13
3.560846117E+13
3.549259605E+13
3.556570450E+13
3.587751619E+13
3.647577522E+13
3.738139102E+13
3.852340392E+13
3.974372399E+13
4.084161525E+13
4.162775448E+13
4.197446834E+13
4.189098233E+13
4.152731051E+13
4.108211637E+13
4.074701891E+13
4.059871221E+13
4.055737848E+13
4.045149330E+13
4.005029293E+13
3.919091795E+13
3.785694198E+13
3.617910114E+13
3.438353327E+13
3.270491788E+13
3.134469656E+13
3.041038920E+13
2.997781576E+13
3.006749548E+13
3.062146141E+13
3.150842654E+13
3.252685786E+13
3.343092112E+13
3.400223420E+13
3.410714162E+13
3.375129655E+13
3.305346579E+13
3.220642939E+13
3.144329782E+13
3.096789272E+13
3.091083312E+13
3.130751773E+13
3.209991239E+13
3.315418856E+13
3.426645878E+13
3.524916940E+13
3.592730340E+13
3.622333979E+13
3.616534620E+13
3.585216528E+13
3.545754703E+13
3.514488717E+13
3.498559763E+13
3.499790258E+13
3.509175316E+13
3.512262474E+13
3.495405407E+13
3.450920261E+13
3.381535879E+13
3.299894511E+13
3.224525628E+13
3.175384648E+13
3.173608187E+13
3.228851682E+13
3.341355634E+13
3.498644599E+13
3.678919023E+13
3.848228875E+13
3.975302739E+13
4.033100021E+13
4.007744494E+13
3.904815443E+13
3.748043952E+13
3.578095594E+13
3.432147930E+13
3.339013725E+13
3.306554934E+13
3.321886727E+13
3.359086887E+13
3.398338990E+13
3.422546369E+13
3.434654076E+13
3.438589538E+13
3.440720377E+13
3.442741521E+13
3.441169103E+13
3.433272855E+13
3.417618449E+13
3.395227802E+13
3.365110825E+13
3.329379480E+13
3.292897437E+13
3.260883015E+13
3.244058622E+13
3.251972433E+13
3.290503889E+13
3.359521442E+13
3.451382391E+13
3.553827504E+13
3.652793270E+13
3.735989530E+13
3.800757975E+13
3.849096901E+13
3.888529467E+13
3.927201427E+13
3.971004660E+13
4.020409066E+13
4.067569931E+13
4.103006250E+13
4.113069259E+13
4.086665248E+13
4.017375915E+13
3.907900746E+13
3.765622146E+13
3.603459993E+13
3.436172939E+13
3.275566976E+13
3.129579199E+13
3.000674180E+13
2.890425884E+13
2.800639338E+13
2.736440754E+13
2.704842767E+13
2.712311862E+13
2.763112133E+13
2.857650162E+13
2.991769784E+13
3.158271826E+13
3.348678447E+13
3.554581084E+13
3.764230094E+13
3.960133934E+13
4.122240809E+13
4.229231110E+13
4.262819076E+13
4.219055004E+13
4.112243658E+13
3.970779821E+13
3.831462986E+13
3.725681242E+13
3.669075353E+13
3.655086242E+13
3.657306940E+13
3.644717921E+13
3.589302710E+13
3.475594428E+13
3.307193941E+13
3.101564287E+13
2.881063134E+13
2.662845785E+13
2.454676998E+13
2.256230102E+13
2.061050075E+13
1.863468846E+13
1.662274905E+13
1.464832906E+13
1.284635327E+13
1.136130671E+13
1.030626876E+13
9.729714124E+12
9.590617134E+12
9.779362488E+12
1.015986006E+13
1.061481479E+13
1.106640585E+13
1.149143075E+13
1.191984934E+13
1.240386307E+13
1.298500681E+13
1.368509824E+13
1.447354404E+13
1.528612163E+13
1.602001202E+13
1.657562794E+13
1.688183880E+13
1.692251168E+13
1.676323022E+13
1.648225128E+13
1.616650725E+13
1.586295044E+13
1.555950725E+13
1.525293485E+13
1.488229937E+13
1.446212872E+13
1.405655874E+13
1.372949140E+13
1.353193984E+13
1.347719633E+13
1.344846677E+13
1.332968566E+13
1.297884319E+13
1.235255685E+13
1.150518007E+13
1.057628620E+13
9.737466210E+12
9.145576282E+12
8.893863156E+12
8.995271420E+12
9.392270494E+12
9.972900827E+12
1.058830155E+13
1.108522072E+13
1.134216689E+13
1.130912845E+13
1.101318979E+13
1.056521018E+13
1.012919059E+13
9.876185103E+12
9.928153268E+12
1.034142237E+13
1.108340578E+13
1.204961412E+13
1.308595244E+13
1.401307104E+13
1.467727626E+13
1.496681549E+13
1.479936795E+13
1.417547757E+13
1.316162444E+13
1.189067678E+13
1.053557358E+13
9.310915411E+12
8.413855918E+12
7.994071598E+12
8.108072220E+12
8.724363342E+12
9.715792158E+12
1.088609007E+13
1.202237706E+13
1.295170249E+13
1.356978172E+13
1.386773786E+13
1.395203866E+13
1.399069485E+13
1.414631135E+13
1.454870624E+13
1.526771534E+13
1.628312205E+13
1.748841365E+13
1.873687948E+13
1.984859983E+13
2.062072095E+13
2.089065531E+13
2.057132386E+13
1.965753778E+13
1.825104146E+13
1.657284670E+13
1.487739234E+13
1.340825983E+13
1.238094712E+13
1.192166296E+13
1.206381247E+13
1.274950157E+13
1.387719032E+13
1.532233054E+13
1.693962559E+13
1.857972157E+13
2.009309093E+13
2.134370727E+13
2.219422008E+13
2.253573467E+13
2.231241274E+13
2.155422397E+13
2.034201613E+13
1.884020781E+13
1.721309147E+13
1.562875422E+13
1.426004790E+13
1.325906602E+13
1.274135730E+13
1.277757066E+13
1.334832443E+13
1.434105916E+13
1.555396968E+13
1.675648310E+13
1.775566514E+13
1.842117231E+13
1.875391264E+13
1.881209655E+13
1.868888807E+13
1.848608992E+13
1.824747517E+13
1.798355637E+13
1.769039216E+13
1.735216237E+13
1.699962145E+13
1.662347667E+13
1.623326795E+13
1.581220724E+13
1.531004530E+13
1.467893518E+13
1.389810038E+13
1.299723345E+13
1.206171419E+13
1.119500204E+13
1.052664452E+13
1.014131730E+13
1.007813114E+13
1.030814830E+13
1.075045942E+13
1.128831823E+13
1.180435078E+13
1.219195091E+13
1.239632135E+13
1.239858365E+13
1.223193196E+13
1.195842228E+13
1.166133453E+13
1.141136720E+13
1.125957402E+13
1.121593294E+13
1.126107605E+13
1.135175190E+13
1.143947485E+13
1.147999766E+13
1.144302178E+13
1.130538061E+13
1.105121536E+13
1.067102455E+13
1.016687367E+13
9.562766291E+12
8.906202677E+12
8.267117574E+12
7.717102579E+12
7.313022659E+12
7.076295505E+12
6.992729931E+12
7.026298850E+12
7.132169872E+12
7.273754500E+12
7.431586213E+12
7.598188088E+12
7.761170927E+12
7.905584747E+12
8.007470823E+12
8.046577531E+12
8.011662154E+12
7.910541055E+12
7.766754510E+12
7.611932613E+12
7.473842811E+12
7.365845442E+12
7.286466578E+12
7.224674821E+12
7.163630843E+12
7.091678278E+12
7.007489230E+12
6.918834021E+12
6.837639207E+12
6.777784223E+12
6.751999362E+12
6.767896493E+12
6.825536063E+12
6.917054692E+12
7.026542274E+12
7.132811074E+12
7.212231456E+12
7.239374896E+12
7.190750500E+12
7.047799821E+12
6.802352168E+12
6.464589184E+12
6.065557002E+12
5.654854656E+12
5.291259340E+12
5.027026215E+12
4.893031319E+12
4.887165956E+12
4.974276662E+12
5.098756379E+12
5.201690166E+12
5.242999872E+12
5.210539985E+12
5.122958350E+12
5.025227651E+12
4.966915883E+12
4.981951514E+12
5.080497830E+12
5.243715122E+12
5.431098946E+12
5.591454586E+12
5.682705897E+12
5.681940211E+12
5.591423869E+12
5.432520643E+12
5.238640901E+12
5.044285489E+12
4.874760074E+12
4.747437357E+12
4.670467427E+12
4.647363154E+12
4.685742727E+12
4.792955556E+12
4.971187793E+12
5.219604504E+12
5.526392682E+12
5.870798112E+12
6.232727906E+12
6.591289639E+12
6.933632052E+12
7.250998349E+12
7.531950920E+12
7.752340346E+12
7.881227476E+12
7.886625204E+12
7.750898171E+12
7.494341280E+12
7.176831604E+12
6.888381276E+12
6.723155085E+12
6.741605687E+12
6.950489834E+12
7.298425509E+12
7.687119886E+12
8.011157761E+12
8.198057006E+12
8.231168201E+12
8.152679536E+12
8.038396843E+12
7.979974520E+12
8.033413814E+12
8.209981435E+12
8.472525054E+12
8.758608428E+12
9.005722576E+12
9.170829321E+12
9.247310300E+12
9.253858833E+12
9.222349332E+12
9.178166720E+12
9.130623418E+12
9.067785615E+12
8.959109508E+12
8.769539250E+12
8.473030771E+12
8.058555203E+12
7.535894266E+12
6.933588177E+12
6.301273067E+12
5.688736784E+12
5.145739033E+12
4.716500511E+12
4.427537043E+12
4.289481586E+12
4.296612182E+12
4.431783036E+12
4.665494036E+12
4.962117280E+12
5.279791741E+12
5.570317347E+12
5.787218695E+12
5.892269237E+12
5.869453255E+12
5.734625109E+12
5.537385362E+12
5.349017439E+12
5.240598510E+12
5.262238945E+12
5.420160397E+12
5.675157550E+12
5.962785946E+12
6.217705492E+12
6.398261261E+12
6.503660099E+12
6.568304718E+12
6.641804959E+12
6.766150077E+12
6.956565017E+12
7.197228290E+12
7.452532469E+12
7.682505462E+12
7.850234683E+12
7.928574065E+12
7.909627044E+12
7.801225663E+12
7.625981500E+12
7.422404123E+12
7.236341251E+12
7.106916460E+12
7.052291766E+12
7.068500099E+12
7.130848781E+12
7.204224222E+12
7.259443508E+12
7.282209497E+12
7.270054488E+12
7.227420377E+12
7.162203232E+12
7.077939672E+12
6.977126965E+12
6.862947208E+12
6.735812386E+12
6.596544832E+12
6.444006013E+12
6.275325111E+12
6.091825394E+12
5.903896223E+12
5.732338494E+12
5.604225462E+12
5.542954010E+12
5.562597559E+12
5.661397004E+12
5.821727005E+12
6.015568377E+12
6.214253935E+12
6.390583616E+12
6.521203935E+12
6.593238907E+12
6.607045694E+12
6.570914329E+12
6.498893125E+12
6.408675696E+12
6.314163375E+12
6.218802353E+12
6.124997354E+12
6.035151159E+12
5.952318654E+12
5.885384936E+12
5.847007344E+12
5.844079209E+12
5.879569397E+12
5.948576522E+12
6.044554115E+12
6.152161136E+12
6.261837168E+12
6.365516590E+12
6.466889900E+12
6.574420121E+12
6.703684463E+12
6.867038845E+12
7.064198605E+12
7.290329118E+12
7.531120943E+12
7.772195311E+12
8.012005857E+12
8.252819747E+12
8.495886370E+12
8.732208994E+12
8.937643300E+12
9.074877261E+12
9.108985293E+12
9.027126457E+12
8.846624650E+12
8.613448186E+12
8.389280749E+12
8.225941358E+12
8.143587317E+12
8.124976341E+12
8.125135804E+12
8.097117438E+12
8.009239167E+12
7.869106562E+12
7.713544312E+12
7.590999890E+12
7.539240622E+12
7.577841059E+12
7.697300586E+12
7.871758860E+12
8.077097389E+12
8.295119434E+12
8.507384183E+12
8.700927402E+12
8.861613927E+12
8.979074424E+12
9.053368600E+12
9.105425372E+12
9.162176788E+12
9.246568727E+12
9.360168436E+12
9.479782209E+12
9.561399265E+12
9.560787964E+12
9.454087859E+12
9.253689692E+12
9.008520151E+12
8.784645488E+12
8.648078805E+12
8.638533919E+12
8.757273138E+12
8.967767149E+12
9.207313313E+12
9.409186777E+12
9.520920421E+12
9.517532304E+12
9.402611536E+12
9.202577449E+12
8.951816206E+12
8.679404487E+12
8.403345987E+12
8.129724391E+12
7.853701361E+12
7.564434421E+12
7.252584417E+12
6.910128005E+12
6.536441580E+12
6.140776496E+12
5.740962380E+12
5.358277106E+12
5.013981079E+12
4.730688832E+12
4.529597115E+12
4.424701079E+12
4.423924352E+12
4.520927441E+12
4.688726545E+12
4.880480744E+12
5.037152849E+12
5.108087760E+12
5.064615638E+12
4.908699903E+12
4.674822587E+12
4.420066462E+12
4.204128225E+12
4.077747629E+12
4.072632719E+12
4.197411776E+12
4.438538170E+12
4.761370465E+12
5.116084882E+12
5.448332407E+12
5.708936502E+12
5.859079047E+12
5.884655872E+12
5.796804714E+12
5.628053264E+12
5.420399432E+12
5.211793764E+12
5.025397664E+12
4.864421008E+12
4.713720097E+12
4.561089648E+12
4.412011775E+12
4.292151631E+12
4.249969500E+12
4.336281876E+12
4.574842178E+12
4.957638842E+12
5.439003298E+12
5.950610104E+12
6.416641496E+12
6.775373541E+12
6.984846872E+12
7.020357481E+12
6.880818799E+12
6.596030732E+12
6.221060245E+12
5.837597460E+12
5.529830592E+12
5.363735401E+12
5.359670230E+12
5.483828555E+12
5.657930523E+12
5.783813392E+12
5.783851858E+12
5.616501408E+12
5.291083902E+12
4.854275954E+12
4.377140787E+12
3.933234591E+12
3.580778166E+12
3.361609251E+12
3.292376793E+12
3.372010254E+12
3.585214682E+12
3.907668733E+12
4.317479686E+12
4.792675802E+12
5.305486673E+12
5.821239662E+12
6.291989505E+12
6.661135002E+12
6.874987863E+12
6.902372175E+12
6.750230546E+12
6.470430552E+12
6.154969274E+12
5.907030999E+12
5.811876117E+12
5.912239140E+12
6.193257719E+12
6.583029368E+12
6.980298949E+12
7.285942705E+12
7.428422579E+12
7.384690919E+12
7.176559092E+12
6.854698693E+12
6.481224287E+12
6.112875496E+12
5.787872678E+12
5.530361771E+12
5.355750842E+12
5.270247408E+12
5.274801679E+12
5.366132042E+12
5.530145516E+12
5.738467362E+12
5.947753051E+12
6.106471280E+12
6.166724191E+12
6.098566381E+12
5.905869554E+12
5.628130309E+12
5.334649164E+12
5.109823936E+12
5.028991876E+12
5.136558555E+12
5.432243210E+12
5.871125627E+12
6.371479935E+12
6.837714223E+12
7.188924044E+12
7.379247559E+12
7.411582710E+12
7.336823092E+12
7.226471686E+12
7.148718872E+12
7.141732257E+12
7.202851695E+12
7.291371281E+12
7.349667889E+12
7.327020723E+12
7.194785532E+12
6.947841809E+12
6.602218064E+12
6.184377888E+12
5.726585533E+12
5.262865992E+12
4.830316285E+12
4.458302354E+12
4.166662706E+12
3.956737626E+12
3.811980958E+12
3.707337766E+12
3.625504308E+12
3.563147482E+12
3.540745186E+12
3.593084786E+12
3.747440749E+12
4.007110575E+12
4.343879377E+12
4.696074440E+12
4.990138021E+12
5.163025416E+12
5.182369675E+12
5.056134679E+12
4.835890209E+12
4.596517725E+12
4.416578938E+12
4.365959177E+12
4.478239216E+12
4.751080075E+12
5.130859431E+12
5.538286325E+12
5.883223940E+12
6.091565507E+12
6.118209663E+12
5.975375617E+12
5.711389909E+12
5.405087752E+12
5.136451649E+12
4.978698424E+12
4.967169635E+12
5.111879014E+12
5.377295403E+12
5.703078343E+12
6.009458152E+12
6.220733116E+12
6.287813150E+12
6.201275826E+12
6.005685351E+12
5.783685525E+12
5.641951251E+12
5.671938615E+12
5.927035828E+12
6.391791083E+12
6.982233192E+12
7.561987426E+12
7.979949454E+12
8.120004986E+12
7.936753486E+12
7.476917698E+12
6.861406480E+12
6.245129955E+12
5.770804625E+12
5.523834463E+12
5.518574157E+12
5.706631218E+12
6.004236959E+12
6.327091023E+12
6.612997453E+12
6.830021721E+12
6.967421281E+12
7.019575119E+12
6.973910550E+12
6.815377992E+12
6.531568561E+12
6.131997881E+12
5.656153815E+12
5.166192335E+12
4.730507172E+12
4.411409422E+12
4.246313224E+12
4.246659734E+12
4.405700282E+12
4.705801975E+12
5.124566099E+12
5.638165029E+12
6.219024830E+12
6.833490686E+12
7.438693537E+12
7.981869995E+12
8.405983566E+12
8.658112728E+12
8.699426938E+12
8.521260509E+12
8.153618909E+12
7.659061223E+12
7.119721848E+12
6.615807115E+12
6.202843806E+12
5.897460446E+12
5.679286180E+12
5.508522851E+12
5.344833952E+12
5.161225724E+12
4.955536726E+12
4.746991742E+12
4.574010926E+12
4.481077321E+12
4.506970306E+12
4.674025028E+12
4.973752000E+12
5.366468923E+12
5.783292252E+12
6.150561522E+12
6.410050998E+12
6.535631080E+12
6.535058925E+12
6.439705715E+12
6.289614197E+12
6.116512923E+12
5.945141337E+12
5.787258368E+12
5.656061269E+12
5.563127678E+12
5.515024299E+12
5.507656101E+12
5.529132773E+12
5.565902896E+12
5.610966277E+12
5.669367449E+12
5.760847844E+12
5.907065866E+12
6.115417492E+12
6.367990405E+12
6.630525614E+12
6.858299982E+12
7.026699258E+12
7.132082075E+12
7.189313693E+12
7.215365928E+12
7.214177617E+12
7.166572898E+12
7.050906836E+12
6.859063701E+12
6.601889481E+12
6.313022175E+12
6.030295366E+12
5.781482579E+12
5.568955603E+12
5.379137286E+12
5.196219662E+12
5.010139441E+12
4.825164960E+12
4.652291362E+12
4.503732828E+12
4.385313531E+12
4.296230152E+12
4.225913637E+12
4.164256967E+12
4.100209050E+12
4.027731711E+12
3.945297284E+12
3.855788608E+12
3.768468025E+12
3.692364062E+12
3.637328621E+12
3.609525455E+12
3.609762627E+12
3.634278941E+12
3.674914040E+12
3.723689512E+12
3.777354209E+12
3.837264427E+12
3.909173859E+12
4.006726457E+12
4.143705390E+12
4.326559772E+12
4.549568250E+12
4.794666760E+12
5.031726781E+12
5.229141237E+12
5.367163498E+12
5.444600775E+12
5.485491152E+12
5.524279218E+12
5.592570010E+12
5.702916732E+12
5.843389257E+12
5.982347107E+12
6.085082285E+12
6.131975640E+12
6.122833103E+12
6.075385661E+12
6.018052512E+12
5.975055514E+12
5.958990534E+12
5.975615307E+12
6.022914381E+12
6.092353480E+12
6.172746356E+12
6.250730277E+12
6.314371757E+12
6.357299456E+12
6.387247399E+12
6.428131916E+12
6.511937998E+12
6.665636087E+12
6.896042270E+12
7.182186793E+12
7.479381813E+12
7.728076710E+12
7.870775896E+12
7.872978180E+12
7.730473095E+12
7.466579498E+12
7.126676609E+12
6.768373973E+12
6.444874045E+12
6.200249635E+12
6.060107028E+12
6.031540901E+12
6.108982069E+12
6.274120162E+12
6.497939703E+12
6.746361713E+12
6.982772261E+12
7.178123257E+12
7.321123115E+12
7.426621635E+12
7.527027941E+12
7.666366514E+12
7.873865739E+12
8.152312179E+12
8.476064447E+12
8.799691088E+12
9.071637643E+12
9.249071364E+12
9.297390853E+12
9.189681807E+12
8.913180708E+12
8.478942824E+12
7.926982272E+12
7.328433925E+12
6.773124076E+12
6.334616096E+12
6.045993960E+12
5.892373898E+12
5.820133468E+12
5.770593917E+12
5.707012004E+12
5.624664401E+12
5.545509609E+12
5.502063285E+12
5.511275817E+12
5.569848214E+12
5.658847057E+12
5.753666007E+12
5.839563849E+12
5.914697266E+12
5.987806842E+12
6.068585105E+12
6.158064223E+12
6.240877009E+12
6.290621074E+12
6.269236137E+12
6.145198426E+12
5.900972195E+12
5.539403994E+12
5.093254313E+12
4.618113088E+12
4.189031351E+12
3.875866178E+12
3.732861157E+12
3.774061843E+12
3.976515041E+12
4.274850060E+12
4.588906859E+12
4.834460817E+12
4.950756469E+12
4.903006216E+12
4.697117798E+12
4.374575922E+12
4.001161113E+12
3.657026117E+12
3.411078245E+12
3.307264802E+12
3.351361518E+12
3.517001969E+12
3.765695516E+12
4.061574661E+12
4.385795217E+12
4.734957978E+12
5.114723699E+12
5.524623897E+12
5.950320001E+12
6.364064492E+12
6.730693593E+12
7.009725957E+12
7.165139002E+12
7.168014109E+12
7.008313257E+12
6.703479066E+12
6.304063440E+12
5.889511148E+12
5.548218565E+12
5.351444700E+12
5.328898976E+12
5.456119327E+12
5.661894996E+12
5.855105939E+12
5.956037305E+12
5.923463409E+12
5.768308692E+12
5.547405219E+12
5.342720396E+12
5.231902965E+12
5.259582665E+12
5.419976830E+12
5.658036020E+12
5.891447612E+12
6.038027961E+12
6.050464820E+12
5.929183642E+12
5.713297547E+12
5.461556104E+12
5.223940871E+12
5.025737759E+12
4.862680025E+12
4.718982026E+12
4.584000445E+12
4.465153916E+12
4.385340763E+12
4.371604445E+12
4.438646225E+12
4.580996153E+12
4.778079237E+12
5.004489160E+12
5.239723006E+12
5.479163686E+12
5.725667430E+12
5.975939298E+12
6.210068782E+12
6.396116179E+12
6.500234941E+12
6.492371506E+12
6.355989654E+12
6.094605339E+12
5.727299889E+12
5.285817137E+12
4.814960906E+12
4.362995950E+12
3.976176618E+12
3.684469534E+12
3.490581048E+12
3.380074989E+12
3.329067408E+12
3.322828430E+12
3.355251546E+12
3.432369124E+12
3.556545191E+12
3.716611385E+12
3.883789649E+12
4.021905620E+12
4.096919713E+12
4.093576219E+12
4.013684231E+12
3.876954705E+12
3.708537322E+12
3.528363705E+12
3.351841682E+12
3.185488524E+12
3.039051507E+12
2.927649325E+12
2.875622694E+12
2.905098055E+12
3.027659579E+12
3.237478962E+12
3.508267783E+12
3.799555511E+12
4.073163461E+12
4.303466795E+12
4.475395605E+12
4.586432460E+12
4.630451583E+12
4.597137171E+12
4.474967137E+12
4.262196784E+12
3.971458769E+12
3.638718607E+12
3.317329011E+12
3.066023605E+12
2.927114347E+12
2.924953025E+12
3.056925131E+12
3.298498718E+12
3.610506811E+12
3.954391083E+12
4.287758221E+12
4.572554853E+12
4.778747549E+12
4.884691117E+12
4.885490082E+12
4.796710988E+12
4.655610838E+12
4.509218563E+12
4.403598170E+12
4.365867719E+12
4.398343360E+12
4.472918601E+12
4.547412978E+12
4.583635129E+12
4.559911222E+12
4.480233810E+12
4.375282468E+12
4.286813986E+12
4.255099317E+12
4.308595283E+12
4.451246882E+12
4.666600052E+12
4.921282115E+12
5.176682716E+12
5.396307213E+12
5.549579692E+12
5.613019634E+12
5.569404094E+12
5.408365904E+12
5.136352307E+12
4.786623096E+12
4.414561351E+12
4.087005138E+12
3.860156961E+12
3.754912756E+12
3.747502506E+12
3.780705076E+12
3.795306127E+12
3.754865543E+12
3.656460942E+12
3.528699261E+12
3.411408444E+12
3.333822539E+12
3.303515572E+12
3.307089172E+12
3.321384209E+12
3.328798865E+12
3.323787700E+12
3.315289982E+12
3.322665407E+12
3.365438380E+12
3.454599535E+12
3.585719869E+12
3.736647382E+12
3.874643194E+12
3.961857503E+12
3.963841143E+12
3.859877379E+12
3.648333107E+12
3.351405822E+12
3.012330319E+12
2.690401224E+12
2.449259201E+12
2.343680757E+12
2.402611103E+12
2.626629997E+12
2.989782193E+12
3.441800129E+12
3.917175853E+12
4.352832267E+12
4.697687829E+12
4.918846173E+12
5.016258597E+12
5.015861324E+12
4.957338228E+12
4.872971653E+12
4.775191702E+12
4.655685113E+12
4.494141812E+12
4.282901265E+12
4.037566766E+12
3.800410376E+12
3.620006949E+12
3.530980701E+12
3.535831440E+12
3.601821416E+12
3.672068654E+12
3.691467502E+12
3.622102214E+12
3.462831608E+12
3.244153265E+12
3.021885567E+12
2.849758871E+12
2.776532308E+12
2.815855589E+12
2.959393880E+12
3.170184856E+12
3.401919454E+12
3.604149516E+12
3.735307771E+12
3.768968346E+12
3.705751561E+12
3.568059397E+12
3.397802782E+12
3.242053576E+12
3.134122418E+12
3.081783802E+12
3.063529745E+12
3.046462956E+12
3.001123702E+12
2.923630240E+12
2.827202214E+12
2.742940731E+12
2.690984747E+12
2.678565423E+12
2.691428672E+12
2.707737821E+12
2.706543832E+12
2.677900678E+12
2.622683032E+12
2.555112522E+12
2.487928434E+12
2.432413414E+12
2.392176843E+12
2.360664858E+12
2.327151571E+12
2.281104163E+12
2.217386385E+12
2.140129421E+12
2.060059700E+12
1.991565543E+12
1.944464397E+12
1.921133449E+12
1.917523023E+12
1.923505807E+12
1.926804204E+12
1.918372152E+12
1.892967251E+12
1.850265630E+12
1.792938667E+12
1.727699857E+12
1.661953405E+12
1.601237101E+12
1.550072058E+12
1.511394819E+12
1.486117261E+12
1.472578584E+12
1.468793632E+12
1.472672521E+12
1.481674711E+12
1.492732460E+12
1.503280973E+12
1.512302170E+12
1.519264128E+12
1.524644202E+12
1.528994644E+12
1.532773483E+12
1.536550347E+12
1.539009061E+12
1.538388679E+12
1.533430892E+12
1.523144536E+12
1.508762188E+12
1.490679159E+12
1.470296746E+12
1.449647177E+12
1.429666898E+12
1.410051373E+12
1.392161034E+12
1.376675708E+12
1.362220855E+12
1.348795740E+12
1.336708839E+12
1.326372555E+12
1.317644872E+12
1.311142502E+12
1.304915462E+12
1.299449599E+12
1.293478267E+12
1.285957163E+12
1.278203927E+12
1.269660138E+12
1.260903072E+12
1.250713911E+12
1.237668991E+12
1.222780806E+12
1.207060879E+12
1.192033967E+12
1.181576152E+12
1.178253232E+12
1.181916109E+12
1.190876676E+12
1.199330062E+12
1.203708872E+12
1.203801189E+12
1.198183920E+12
1.190624687E+12
1.182292565E+12
1.176068022E+12
1.172832852E+12
1.171736389E+12
1.174746524E+12
1.182832023E+12
1.195912745E+12
1.211000415E+12
1.227066008E+12
1.240075241E+12
1.246949104E+12
1.246723798E+12
1.240405587E+12
1.229996819E+12
1.218492972E+12
1.205981598E+12
1.194394779E+12
1.183825873E+12
1.178062556E+12
1.176423879E+12
1.178832730E+12
1.183447613E+12
1.188262556E+12
1.190372774E+12
1.188558120E+12
1.183584470E+12
1.178201323E+12
1.175411895E+12
1.175652959E+12
1.176386489E+12
1.175447437E+12
1.168356562E+12
1.151754738E+12
1.127500610E+12
1.097798412E+12
1.070179877E+12
1.048948086E+12
1.037865586E+12
1.038631132E+12
1.046962003E+12
1.059097703E+12
1.068368754E+12
1.070426657E+12
1.062285403E+12
1.044498255E+12
1.021299417E+12
9.982873005E+11
9.815791692E+11
9.760361119E+11
9.829872283E+11
1.000105864E+12
1.022422177E+12
1.043083971E+12
1.056444806E+12
1.059536805E+12
1.052805911E+12
1.037649607E+12
1.017245092E+12
9.930210201E+11
9.647706162E+11
9.326824980E+11
8.977972659E+11
8.634237670E+11
8.348733740E+11
8.176214797E+11
8.148095618E+11
8.256365395E+11
8.454761827E+11
8.674419368E+11
8.853479561E+11
8.961781417E+11
9.006543915E+11
9.021329777E+11
9.044187038E+11
9.100070634E+11
9.194728218E+11
9.314446429E+11
9.431461220E+11
9.519507232E+11
9.560784116E+11
9.543545269E+11
9.467598125E+11
9.347832710E+11
9.207416153E+11
9.072717623E+11
8.968685428E+11
8.908834106E+11
8.890311990E+11
8.897002141E+11
8.901279899E+11
8.878740088E+11
8.817993619E+11
8.724578853E+11
8.616191003E+11
8.517426297E+11
8.445272838E+11
8.399825761E+11
8.371526767E+11
8.349432714E+11
8.326509762E+11
8.301837038E+11
8.284310553E+11
8.274358999E+11
8.268619513E+11
8.257596297E+11
8.234061734E+11
8.195571037E+11
8.148578376E+11
8.102385144E+11
8.061429453E+11
8.019710650E+11
7.970262271E+11
7.905999424E+11
7.827699500E+11
7.744496895E+11
7.668793218E+11
7.608007932E+11
7.562711298E+11
7.525957795E+11
7.489061378E+11
7.447362156E+11
7.405797664E+11
7.372218933E+11
7.359441420E+11
7.373447946E+11
7.415051744E+11
7.473525088E+11
7.537146946E+11
7.586551268E+11
7.605063671E+11
7.578927890E+11
7.501944389E+11
7.378411632E+11
7.219613331E+11
7.043585508E+11
6.871538737E+11
6.716076519E+11
6.584506408E+11
6.481033006E+11
6.406105369E+11
6.358854897E+11
6.341640844E+11
6.359847935E+11
6.414364667E+11
6.498673051E+11
6.602564887E+11
6.712952152E+11
6.816223911E+11
6.902660178E+11
6.971962806E+11
7.026844423E+11
7.067234041E+11
7.089213204E+11
7.085020794E+11
7.046666767E+11
6.974971627E+11
6.878766576E+11
6.775683803E+11
6.682651111E+11
6.612455502E+11
6.568685270E+11
6.548683193E+11
6.546607207E+11
6.555667997E+11
6.571613667E+11
6.591536556E+11
6.613146797E+11
6.635721102E+11
6.659258735E+11
6.683758964E+11
6.708062277E+11
6.731948315E+11
6.756383177E+11
6.785096056E+11
6.824419534E+11
6.880030830E+11
6.953057818E+11
7.040523295E+11
7.133472889E+11
7.217405518E+11
7.279852051E+11
7.311674711E+11
7.307066243E+11
7.264558326E+11
7.185546731E+11
7.070712445E+11
6.922100788E+11
6.746043116E+11
6.551275437E+11
6.351548924E+11
6.164668048E+11
6.009404068E+11
5.899566503E+11
5.842506188E+11
5.836200489E+11
5.869579831E+11
5.924024291E+11
5.979981667E+11
6.020297582E+11
6.037038602E+11
6.032102324E+11
6.013481945E+11
5.989516544E+11
5.967297906E+11
5.950889804E+11
5.938385222E+11
5.923341470E+11
5.900525439E+11
5.864886368E+11
5.809718581E+11
5.736363359E+11
5.655198444E+11
5.582905195E+11
5.538446988E+11
5.541265089E+11
5.598473361E+11
5.705050133E+11
5.844456085E+11
5.989459626E+11
6.111371905E+11
6.187914576E+11
6.207363238E+11
6.170216521E+11
6.093767100E+11
6.003148858E+11
5.925515559E+11
5.882374593E+11
5.881459623E+11
5.920552088E+11
5.981846167E+11
6.038898149E+11
6.068922504E+11
6.050634200E+11
5.976669393E+11
5.846435068E+11
5.673318747E+11
5.473480928E+11
5.256404586E+11
5.026929820E+11
4.783209428E+11
4.520522099E+11
4.240687586E+11
3.955813417E+11
3.686498516E+11
3.459050520E+11
3.295480794E+11
3.203271804E+11
3.174873535E+11
3.191219746E+11
3.226328293E+11
3.256242522E+11
3.270868018E+11
3.274287057E+11
3.278828689E+11
3.305951649E+11
3.374269574E+11
3.494475700E+11
3.660867655E+11
3.859398210E+11
4.066369290E+11
4.256274302E+11
4.407435769E+11
4.511898152E+11
4.570924098E+11
4.594723595E+11
4.597763074E+11
4.594429314E+11
4.593201481E+11
4.601375160E+11
4.620262192E+11
4.649594601E+11
4.690037954E+11
4.738535323E+11
4.787748763E+11
4.829208264E+11
4.852535566E+11
4.849609635E+11
4.815733618E+11
4.755753883E+11
4.680902246E+11
4.606383845E+11
4.546758163E+11
4.512847105E+11
4.507750504E+11
4.523210723E+11
4.544416491E+11
4.555415014E+11
4.544553668E+11
4.506571704E+11
4.445415389E+11
4.372003418E+11
4.297022086E+11
4.228854443E+11
4.174502810E+11
4.138133075E+11
4.122069974E+11
4.126813757E+11
4.149577986E+11
4.183519997E+11
4.216616048E+11
4.236117697E+11
4.233729789E+11
4.208867351E+11
4.167811528E+11
4.120928194E+11
4.080528618E+11
4.054079012E+11
4.041977392E+11
4.039144876E+11
4.034621543E+11
4.017304959E+11
3.979866070E+11
3.920845774E+11
3.845248768E+11
3.762706278E+11
3.682576895E+11
3.612017785E+11
3.555580162E+11
3.513523920E+11
3.486767964E+11
3.476992187E+11
3.488147427E+11
3.522967663E+11
3.578189604E+11
3.648271892E+11
3.724209510E+11
3.795669940E+11
3.856010714E+11
3.902461078E+11
3.935959610E+11
3.958122448E+11
3.973272128E+11
3.983583813E+11
3.987701319E+11
3.981923538E+11
3.962553243E+11
3.926254787E+11
3.872559109E+11
3.804666333E+11
3.729440961E+11
3.656807032E+11
3.593928835E+11
3.545352487E+11
3.514400213E+11
3.499053196E+11
3.494680041E+11
3.496689785E+11
3.501329568E+11
3.503096548E+11
3.498269866E+11
3.480403173E+11
3.445683479E+11
3.390462469E+11
3.317577980E+11
3.234386710E+11
3.151896035E+11
3.082057750E+11
3.031494289E+11
3.003991034E+11
2.997101675E+11
3.003727889E+11
3.019066757E+11
3.038512887E+11
3.057465740E+11
3.074650453E+11
3.092436227E+11
3.108699637E+11
3.123905164E+11
3.138175695E+11
3.151511965E+11
3.162356303E+11
3.171187799E+11
3.181212029E+11
3.193081123E+11
3.207538901E+11
3.223289387E+11
3.238498943E+11
3.248456281E+11
3.249093550E+11
3.238161838E+11
3.213839676E+11
3.175679749E+11
3.123015404E+11
3.054274355E+11
2.970944731E+11
2.877737680E+11
2.784008142E+11
2.700720178E+11
2.638199069E+11
2.600904356E+11
2.587590126E+11
2.590081904E+11
2.597418040E+11
2.599233679E+11
2.590116045E+11
2.569612321E+11
2.539763068E+11
2.506619203E+11
2.475665707E+11
2.451078642E+11
2.437931881E+11
2.440123128E+11
2.458840574E+11
2.493569498E+11
2.541414934E+11
2.595395921E+11
2.644511319E+11
2.676978381E+11
2.681448111E+11
2.648392673E+11
2.576339391E+11
2.471598179E+11
2.346629303E+11
2.219943094E+11
2.109856850E+11
2.029466843E+11
1.983094329E+11
1.966203427E+11
1.966846983E+11
1.969642246E+11
1.964430813E+11
1.947345673E+11
1.921834114E+11
1.898629503E+11
1.889009012E+11
1.898920985E+11
1.929169466E+11
1.974613371E+11
2.027443174E+11
2.077669761E+11
2.117444225E+11
2.141438587E+11
2.148762833E+11
2.140806549E+11
2.125044879E+11
2.111022623E+11
2.110436047E+11
2.129364468E+11
2.170865739E+11
2.229396579E+11
2.294956420E+11
2.354782073E+11
2.399872219E+11
2.425866160E+11
2.433921146E+11
2.430813487E+11
2.424958210E+11
2.421336062E+11
2.422119745E+11
2.425917677E+11
2.428121450E+11
2.423874120E+11
2.412283047E+11
2.392726039E+11
2.367086020E+11
2.338132927E+11
2.309195147E+11
2.280444770E+11
2.254373847E+11
2.230125208E+11
2.207664320E+11
2.186144005E+11
2.166442061E+11
2.148601034E+11
2.137093460E+11
2.135603273E+11
2.147662535E+11
2.175934207E+11
2.217767198E+11
2.266955897E+11
2.314629711E+11
2.349272092E+11
2.362698255E+11
2.350271175E+11
2.313407400E+11
2.258882995E+11
2.200411273E+11
2.156324514E+11
2.147745043E+11
2.192057823E+11
2.301426441E+11
2.474914330E+11
2.692069746E+11
2.915982648E+11
3.102203012E+11
3.205378778E+11
3.195701449E+11
3.069199293E+11
2.848497977E+11
2.577632565E+11
2.305336015E+11
2.074201260E+11
1.907837084E+11
1.809869763E+11
1.768601659E+11
1.766908184E+11
1.789636079E+11
1.827107090E+11
1.877083216E+11
1.939554175E+11
2.013263608E+11
2.091511306E+11
2.163009313E+11
2.213570587E+11
2.229934288E+11
2.207307761E+11
2.150005327E+11
2.070225461E+11
1.984692939E+11
1.908344702E+11
1.849014283E+11
1.807904681E+11
1.781490877E+11
1.764979621E+11
1.754457771E+11
1.746390078E+11
1.739216855E+11
1.730998064E+11
1.719160631E+11
1.703350273E+11
1.682609375E+11
1.657466063E+11
